Alabama  (2087,1165)  (2049,1202)  (2049,1164)  (2124,1203)  (2087,1127)  (2125,1127)  (2125,1165)  (2047,1126)  (2086,1240)  (2048,1240)  (2155,1241)  (2085,1089)  (2123,1089)  (2027,1088)  (2021,1278)  (2065,1051)  (2103,1051)  
Alaska  (66,92)  (28,123)  (28,85)  (102,130)  (66,54)  (104,66)  
Arizona  (717,1049)  (679,1086)  (679,1048)  (754,1087)  (717,1011)  (755,1011)  (755,1049)  (677,1010)  (716,1124)  (678,1124)  (641,1086)  (641,1048)  (792,1087)  (792,1125)  (754,1125)  (640,1125)  (715,973)  (753,973)  (791,973)  (793,1011)  (793,1049)  (639,1010)  (639,972)  (677,972)  (829,937)  (716,1162)  (678,1162)  (603,1087)  (830,1087)  (830,1125)  (830,1163)  (792,1163)  (754,1163)  (640,1163)  (602,1163)  (602,1125)  (715,935)  (753,935)  (791,935)  (831,975)  (831,1013)  (601,1028)  (601,990)  (615,934)  (653,934)  (829,899)  (716,1200)  (678,1200)  (850,1201)  (812,1201)  (774,1201)  (691,897)  (729,897)  (767,897)  (615,896)  (653,896)  (850,1239)  (812,1239)  (774,1239)  
Arkansas  (1769,1014)  (1731,1051)  (1731,1013)  (1806,1052)  (1769,976)  (1807,976)  (1807,1014)  (1729,975)  (1768,1089)  (1730,1089)  (1693,1051)  (1693,1013)  (1823,1090)  (1692,1089)  (1767,938)  (1805,938)  (1843,938)  (1845,976)  (1845,1014)  (1691,975)  (1691,937)  (1729,937)  (1785,1127)  (1747,1127)  (1709,1127)  (1823,1130)  
California  (250,894)  (212,923)  (212,885)  (287,932)  (250,856)  (288,856)  (288,894)  (202,847)  (325,932)  (325,970)  (287,970)  (240,818)  (278,818)  (316,818)  (326,856)  (326,894)  (164,824)  (202,809)  (146,786)  (363,932)  (363,970)  (363,1008)  (325,1008)  (240,780)  (278,780)  (364,851)  (364,889)  (184,771)  (123,748)  (401,927)  (401,965)  (401,1003)  (401,1041)  (363,1046)  (222,742)  (402,888)  (161,733)  (91,710)  (434,1079)  (439,926)  (439,964)  (439,1002)  (439,1040)  (199,704)  (237,704)  (129,695)  (86,672)  (472,1078)  (477,961)  (477,999)  (477,1037)  (167,666)  (205,666)  (243,666)  (124,657)  (507,1116)  (509,1154)  (75,634)  (510,1075)  (515,998)  (515,1036)  (162,628)  (200,628)  (238,628)  (113,619)  (69,596)  (548,1074)  (151,590)  (189,590)  (227,590)  (107,581)  (145,552)  (183,552)  (221,552)  (70,543)  
Canada  (2598,172)  (2560,209)  (2560,171)  (2635,210)  (2598,134)  (2636,134)  (2636,172)  (2558,133)  (2597,247)  (2559,247)  (2522,209)  (2522,171)  (2673,210)  (2673,248)  (2635,248)  (2521,248)  (2596,96)  (2634,96)  (2672,96)  (2674,134)  (2674,172)  (2520,133)  (2520,95)  (2558,95)  (2710,60)  (2597,285)  (2559,285)  (2484,210)  (2484,172)  (2711,210)  (2711,248)  (2695,286)  (2657,286)  (2521,286)  (2483,286)  (2483,248)  (2596,58)  (2634,58)  (2672,58)  (2712,98)  (2712,136)  (2482,134)  (2482,96)  (2482,58)  (2520,57)  (2558,57)  (2710,22)  (2748,22)  (2748,60)  (2610,323)  (2572,323)  (2446,209)  (2749,174)  (2749,212)  (2749,250)  (2534,324)  (2496,324)  (2458,324)  (2445,20)  (2596,20)  (2634,20)  (2672,20)  (2750,98)  (2750,136)  (2444,171)  (2444,133)  (2444,95)  (2483,19)  (2521,19)  (2420,349)  (2786,0)  (2786,38)  (2787,174)  (2787,212)  (2787,250)  (2492,362)  (2407,57)  (2407,19)  (2788,76)  (2788,114)  (2406,185)  (2406,147)  (2406,109)  (2454,387)  (2416,387)  (2824,0)  (2824,38)  (2825,152)  (2825,190)  (2825,228)  (2825,266)  (2369,71)  (2369,33)  (2826,76)  (2826,114)  (2368,180)  (2368,142)  (2440,425)  (2402,425)  (2862,0)  (2862,38)  (2863,152)  (2863,190)  (2863,228)  (2863,266)  (2331,104)  (2331,66)  (2331,28)  (2864,76)  (2864,114)  (2330,177)  (2364,443)  (2900,0)  (2900,38)  (2901,152)  (2901,190)  (2901,228)  (2901,266)  (2293,139)  (2293,101)  (2293,63)  (2293,25)  (2902,76)  (2902,114)  (2938,0)  (2938,38)  (2939,152)  (2939,190)  (2939,228)  (2255,160)  (2255,122)  (2255,84)  (2255,46)  (2255,8)  (2940,76)  (2940,114)  (2976,0)  (2976,38)  (2977,152)  (2217,40)  (2217,2)  (2978,76)  (2978,114)  (3014,0)  (3014,38)  (3016,76)  (3052,0)  (3052,38)  (3054,76)  (3090,0)  (3090,38)  (3092,76)  (3125,114)  (3128,0)  (3128,38)  (3130,76)  (3142,152)  (3143,190)  (3144,228)  (3163,114)  (3166,0)  (3166,38)  (2028,0)  (3168,76)  (3180,152)  (3181,190)  (1990,1)  (1952,1)  (1917,39)  (1914,1)  (1879,46)  (1876,8)  (1841,46)  (1838,8)  (1800,38)  (1800,0)  (1762,29)  (1724,18)  (1686,13)  
Colorado  (1014,722)  (976,759)  (976,721)  (1051,760)  (1014,684)  (1052,684)  (1052,722)  (974,683)  (1013,797)  (975,797)  (938,759)  (938,721)  (1089,760)  (1089,798)  (1051,798)  (937,798)  (1012,646)  (1050,646)  (1088,646)  (1090,684)  (1090,722)  (936,683)  (936,645)  (974,645)  (1126,610)  (1013,835)  (975,835)  (900,760)  (900,722)  (1127,760)  (1127,798)  (1127,836)  (1089,836)  (1051,836)  (937,836)  (899,836)  (899,798)  (1012,608)  (1050,608)  (1088,608)  (1128,648)  (1128,686)  (898,684)  (898,646)  (898,608)  (936,607)  (974,607)  (1164,599)  (1165,724)  (1165,762)  (1165,800)  (1165,838)  (1166,637)  (1166,675)  (1202,599)  (1203,713)  (1203,751)  (1203,789)  (1203,827)  (1204,637)  (1204,675)  
Connecticut  (2856,531)  
Dc  (2586,741)  
Delaware  (2704,732)  
Florida  (2360,1500)  (2397,1538)  (2359,1538)  (2331,1462)  (2369,1462)  (2418,1576)  (2380,1576)  (2329,1424)  (2367,1424)  (2427,1614)  (2389,1614)  (2296,1386)  (2334,1386)  (2423,1652)  (2270,1348)  (2308,1348)  (2199,1340)  (2161,1323)  
Georgia  (2256,1177)  (2218,1214)  (2218,1176)  (2293,1215)  (2256,1139)  (2294,1139)  (2294,1177)  (2216,1138)  (2255,1252)  (2217,1252)  (2331,1215)  (2331,1253)  (2293,1253)  (2254,1101)  (2292,1101)  (2332,1146)  (2185,1100)  (2255,1290)  (2217,1290)  (2369,1206)  (2323,1291)  (2223,1063)  (2261,1063)  (2179,1062)  
Hawaii  (201,1057)  (163,1090)  (163,1052)  (238,1095)  (201,1019)  (239,1019)  (239,1057)  
Houston  (1598,1373)  
Idaho  (538,375)  (500,412)  (500,374)  (575,413)  (538,337)  (576,337)  (576,375)  (498,336)  (537,450)  (499,450)  (462,412)  (462,374)  (613,413)  (613,451)  (575,451)  (461,451)  (536,299)  (574,299)  (614,328)  (614,366)  (460,336)  (471,298)  (537,488)  (499,488)  (651,404)  (651,442)  (651,480)  (613,489)  (575,489)  (461,489)  (509,261)  (547,261)  (652,360)  (689,398)  (689,436)  (689,474)  (481,223)  (519,223)  (690,354)  (727,392)  (727,430)  (727,468)  (458,185)  (496,185)  (728,349)  (452,147)  (490,147)  (452,109)  (452,71)  (452,33)  
Illinois  (1931,645)  (1893,682)  (1893,644)  (1968,683)  (1931,607)  (1969,607)  (1969,645)  (1891,606)  (1930,720)  (1892,720)  (1855,656)  (2006,683)  (2006,721)  (1968,721)  (1929,569)  (1967,569)  (2005,569)  (2007,607)  (2007,645)  (1882,568)  (1930,758)  (2000,759)  (1920,531)  (1958,531)  (1996,531)  (1962,796)  (1921,493)  (1959,493)  (1997,493)  
Indiana  (2106,652)  (2068,689)  (2068,651)  (2143,690)  (2106,614)  (2144,614)  (2144,652)  (2066,613)  (2105,727)  (2067,727)  (2104,576)  (2142,576)  (2065,575)  (2087,765)  
Iowa  (1705,504)  (1667,541)  (1667,503)  (1742,542)  (1705,466)  (1743,466)  (1743,504)  (1665,465)  (1704,579)  (1666,579)  (1629,541)  (1629,503)  (1780,542)  (1780,580)  (1742,580)  (1628,580)  (1703,428)  (1741,428)  (1779,428)  (1781,466)  (1781,504)  (1627,465)  (1627,427)  (1665,427)  (1817,422)  (1818,542)  (1818,580)  (1819,460)  (1819,498)  (1589,489)  (1589,451)  (1857,496)  
Kansas  (1398,762)  (1360,799)  (1360,761)  (1435,800)  (1398,724)  (1436,724)  (1436,762)  (1358,723)  (1397,837)  (1359,837)  (1322,799)  (1322,761)  (1473,800)  (1473,838)  (1435,838)  (1321,838)  (1396,686)  (1434,686)  (1472,686)  (1474,724)  (1474,762)  (1320,723)  (1320,685)  (1358,685)  (1510,670)  (1284,800)  (1284,762)  (1511,800)  (1511,838)  (1283,846)  (1512,708)  (1512,746)  (1282,724)  (1282,686)  (1548,670)  (1549,784)  (1549,822)  (1550,708)  (1550,746)  (1586,670)  (1587,784)  (1587,822)  (1588,708)  (1588,746)  (1625,784)  (1625,822)  (1626,716)  
Kentucky  (2130,835)  (2092,870)  (2092,832)  (2155,797)  (2168,835)  (2193,772)  (2054,870)  (2054,832)  (2206,810)  (2206,848)  (2231,766)  (2016,870)  (2244,804)  (2244,842)  (1978,881)  (2282,772)  (2282,810)  
Los Angeles  (440,1149)  
Louisiana  (1766,1322)  (1728,1357)  (1778,1360)  (1738,1284)  (1776,1284)  (1804,1322)  (1829,1360)  (1728,1246)  (1766,1246)  (1842,1312)  (1804,1244)  (1867,1350)  (1867,1388)  (1712,1208)  (1750,1208)  (1880,1312)  (1788,1206)  (1826,1188)  (1905,1364)  (1709,1170)  (1747,1170)  
Maine  (3045,254)  (3007,291)  (3007,253)  (3082,292)  (3045,216)  (3083,216)  (3083,254)  (3036,329)  (2998,329)  (3120,292)  (3032,178)  (3070,178)  (2971,367)  
Maryland  (2628,693)  
Massachusetts  (2901,483)  (2863,487)  (2939,479)  
Mexico  (1059,1586)  (1021,1623)  (1021,1585)  (1096,1624)  (1059,1548)  (1097,1548)  (1097,1586)  (1019,1547)  (1058,1661)  (1020,1661)  (983,1623)  (983,1585)  (1134,1624)  (1134,1662)  (1096,1662)  (982,1662)  (1057,1510)  (1095,1510)  (1133,1510)  (1135,1548)  (1135,1586)  (981,1547)  (981,1509)  (1019,1509)  (1171,1474)  (1058,1699)  (1020,1699)  (945,1624)  (945,1586)  (1172,1624)  (1172,1662)  (1172,1700)  (1134,1700)  (1096,1700)  (982,1700)  (944,1700)  (944,1662)  (1057,1472)  (1095,1472)  (1133,1472)  (1173,1512)  (1173,1550)  (943,1548)  (943,1510)  (943,1472)  (981,1471)  (1019,1471)  (1209,1456)  (1058,1737)  (1020,1737)  (907,1624)  (907,1586)  (1210,1588)  (1210,1626)  (1210,1664)  (1210,1702)  (1172,1738)  (1134,1738)  (1096,1738)  (982,1738)  (906,1682)  (906,1434)  (1057,1434)  (1095,1434)  (1211,1494)  (1211,1532)  (905,1548)  (905,1510)  (905,1472)  (944,1433)  (982,1433)  (1229,1418)  (1247,1456)  (869,1644)  (869,1606)  (1248,1570)  (1248,1608)  (1248,1646)  (1248,1684)  (1248,1722)  (868,1682)  (868,1434)  (868,1396)  (906,1396)  (1020,1396)  (1058,1396)  (1249,1494)  (1249,1532)  (867,1568)  (867,1530)  (867,1492)  (944,1395)  (982,1395)  (1267,1401)  (1285,1439)  (831,1644)  (831,1606)  (1286,1570)  (1286,1608)  (1286,1646)  (1286,1684)  (1286,1722)  (830,1454)  (830,1416)  (830,1378)  (868,1358)  (906,1358)  (1020,1358)  (1058,1358)  (1287,1477)  (1287,1515)  (829,1568)  (829,1530)  (829,1492)  (944,1357)  (982,1357)  (812,1340)  (1324,1553)  (1324,1591)  (1324,1629)  (1324,1667)  (1324,1705)  (792,1454)  (792,1416)  (792,1378)  (850,1320)  (888,1320)  (1020,1320)  (1325,1492)  (791,1570)  (791,1532)  (791,1494)  (926,1319)  (964,1319)  (774,1340)  (774,1302)  (812,1302)  (1362,1549)  (1362,1587)  (1362,1625)  (1362,1663)  (1362,1701)  (754,1456)  (754,1418)  (754,1380)  (1002,1282)  (753,1495)  (935,1281)  (736,1342)  (736,1304)  (1400,1642)  (1400,1680)  (1400,1718)  (716,1457)  (716,1419)  (716,1381)  (702,1708)  (698,1343)  (698,1305)  (687,1670)  (687,1267)  (1438,1661)  (1438,1699)  (1438,1737)  (678,1401)  (677,1632)  (660,1360)  (660,1322)  (657,1594)  (649,1284)  (636,1246)  (632,1556)  (613,1518)  (598,1244)  (595,1480)  (560,1225)  (557,1423)  (525,1385)  (522,1217)  (518,1347)  (513,1309)  (512,1271)  (484,1233)  (474,1277)  
Michigan  (2181,428)  (2143,465)  (2143,427)  (2218,466)  (2181,390)  (2219,390)  (2219,428)  (2141,389)  (2180,503)  (2142,503)  (2256,466)  (2250,504)  (2179,352)  (2217,352)  (2257,412)  (2134,351)  (2294,450)  (2178,314)  (2216,314)  (2207,276)  (2048,227)  (2086,211)  (2000,204)  (2124,203)  (1961,190)  
Minnesota  (1640,207)  (1602,244)  (1602,206)  (1677,245)  (1640,169)  (1678,169)  (1678,207)  (1600,168)  (1639,282)  (1601,282)  (1715,245)  (1715,283)  (1677,283)  (1638,131)  (1676,131)  (1714,131)  (1716,169)  (1716,207)  (1562,175)  (1562,137)  (1600,130)  (1554,99)  (1752,95)  (1639,320)  (1601,320)  (1733,321)  (1695,321)  (1638,93)  (1676,93)  (1714,93)  (1754,133)  (1754,171)  (1592,92)  (1543,61)  (1772,355)  (1790,87)  (1657,358)  (1619,358)  (1581,358)  (1734,359)  (1696,359)  (1630,55)  (1668,55)  (1792,125)  (1581,54)  (1830,101)  
Mississippi  (1919,1158)  (1881,1195)  (1881,1157)  (1956,1196)  (1919,1120)  (1957,1120)  (1957,1158)  (1879,1119)  (1918,1233)  (1880,1233)  (1971,1234)  (1917,1082)  (1955,1082)  (1933,1271)  (1895,1271)  (1857,1271)  (1972,1272)  (1901,1044)  (1939,1044)  (1977,1044)  (1974,1310)  
Missouri  (1753,773)  (1715,810)  (1715,772)  (1790,811)  (1753,735)  (1791,735)  (1791,773)  (1713,734)  (1752,848)  (1714,848)  (1677,810)  (1828,811)  (1828,849)  (1790,849)  (1751,697)  (1789,697)  (1829,704)  (1829,742)  (1675,702)  (1713,696)  (1661,664)  (1866,797)  (1866,835)  (1866,873)  (1751,659)  (1789,659)  (1699,658)  (1904,825)  (1904,863)  
Montana  (794,134)  (756,171)  (756,133)  (831,172)  (794,96)  (832,96)  (832,134)  (754,95)  (793,209)  (755,209)  (718,171)  (718,133)  (869,172)  (869,210)  (831,210)  (717,210)  (792,58)  (830,58)  (868,58)  (870,96)  (870,134)  (716,95)  (716,57)  (754,57)  (906,30)  (793,247)  (755,247)  (680,172)  (680,134)  (907,172)  (907,210)  (907,248)  (869,248)  (831,248)  (717,248)  (679,248)  (679,210)  (908,68)  (908,106)  (678,96)  (678,58)  (944,30)  (642,172)  (642,134)  (945,144)  (945,182)  (945,220)  (945,258)  (741,286)  (703,286)  (665,286)  (641,248)  (641,210)  (946,68)  (946,106)  (640,96)  (640,58)  (982,30)  (604,172)  (604,134)  (983,144)  (983,182)  (983,220)  (983,258)  (603,227)  (984,68)  (984,106)  (602,96)  (602,58)  (1020,30)  (566,138)  (1021,144)  (1021,182)  (1021,220)  (1021,258)  (1022,68)  (1022,106)  (564,100)  (564,62)  (1058,30)  (1059,144)  (1059,182)  (1059,220)  (1059,258)  (1060,68)  (1060,106)  (526,98)  (526,60)  (1096,30)  (1097,144)  (1097,182)  (1097,220)  (1097,258)  (1098,68)  (1098,106)  
Nebraska  (1341,545)  (1303,582)  (1303,544)  (1378,583)  (1341,507)  (1379,507)  (1379,545)  (1301,506)  (1340,620)  (1302,620)  (1265,560)  (1416,583)  (1416,621)  (1378,621)  (1339,469)  (1377,469)  (1415,469)  (1417,507)  (1417,545)  (1263,522)  (1263,484)  (1301,468)  (1227,560)  (1454,583)  (1454,621)  (1455,473)  (1455,511)  (1225,522)  (1225,484)  (1189,560)  (1492,549)  (1492,587)  (1492,625)  (1493,473)  (1493,511)  (1187,522)  (1187,484)  (1530,549)  (1530,587)  (1530,625)  (1531,491)  (1568,587)  (1568,625)  
Nevada  (407,668)  (369,705)  (369,667)  (444,706)  (407,630)  (445,630)  (445,668)  (367,629)  (406,743)  (368,743)  (331,705)  (331,667)  (482,706)  (482,744)  (444,744)  (330,743)  (405,592)  (443,592)  (481,592)  (483,630)  (483,668)  (329,629)  (329,591)  (367,591)  (519,556)  (406,781)  (293,705)  (293,667)  (520,706)  (520,744)  (520,782)  (482,782)  (444,782)  (405,554)  (443,554)  (481,554)  (521,594)  (521,632)  (291,629)  (291,591)  (291,553)  (329,553)  (367,553)  (557,528)  (558,670)  (558,708)  (558,746)  (558,784)  (520,820)  (482,820)  (444,820)  (559,566)  (559,604)  (560,822)  (522,858)  (484,858)  (576,860)  (538,896)  (500,896)  (576,898)  (538,934)  
New Hampshire  (2917,400)  (2912,362)  
New Jersey  (2746,633)  (2741,671)  (2747,595)  
New Mexico  (1009,1046)  (971,1083)  (971,1045)  (1046,1084)  (1009,1008)  (1047,1008)  (1047,1046)  (969,1007)  (1008,1121)  (970,1121)  (933,1083)  (933,1045)  (1084,1084)  (1084,1122)  (1046,1122)  (932,1122)  (1007,970)  (1045,970)  (1083,970)  (1085,1008)  (1085,1046)  (931,1007)  (931,969)  (969,969)  (1121,934)  (1008,1159)  (970,1159)  (895,1084)  (895,1046)  (1122,1084)  (1122,1122)  (1122,1160)  (1084,1160)  (1046,1160)  (932,1160)  (894,1160)  (894,1122)  (1007,932)  (1045,932)  (1083,932)  (1123,972)  (1123,1010)  (893,1008)  (893,970)  (893,932)  (931,931)  (969,931)  (1121,896)  (1159,896)  (1159,934)  (1008,1197)  (970,1197)  (1160,1048)  (1160,1086)  (1160,1124)  (1160,1162)  (1122,1198)  (1084,1198)  (1046,1198)  (932,1198)  (894,1198)  (889,894)  (1007,894)  (1045,894)  (1083,894)  (1161,972)  (1161,1010)  (927,893)  (965,893)  (1162,1200)  (895,1236)  
New York  (2712,439)  (2674,476)  (2674,438)  (2749,477)  (2712,401)  (2750,401)  (2750,439)  (2636,489)  (2636,451)  (2787,477)  (2787,515)  (2749,515)  (2694,363)  (2732,363)  (2770,363)  (2788,401)  (2788,439)  (2598,487)  (2598,449)  (2732,325)  (2770,325)  (2560,489)  (2560,451)  (2522,489)  
North Carolina  (2489,965)  (2451,1001)  (2451,963)  (2526,1003)  (2489,927)  (2527,927)  (2527,965)  (2448,925)  (2413,976)  (2564,1003)  (2555,1041)  (2565,917)  (2565,955)  (2410,938)  (2603,917)  (2372,975)  (2372,937)  (2334,973)  (2269,988)  
North Dakota  (1317,111)  (1279,148)  (1279,110)  (1354,149)  (1317,73)  (1355,73)  (1355,111)  (1277,72)  (1316,186)  (1278,186)  (1241,148)  (1241,110)  (1392,149)  (1392,187)  (1354,187)  (1240,187)  (1315,35)  (1353,35)  (1391,35)  (1393,73)  (1393,111)  (1239,72)  (1239,34)  (1277,34)  (1429,30)  (1203,149)  (1203,111)  (1430,149)  (1430,187)  (1202,208)  (1431,68)  (1431,106)  (1201,73)  (1201,35)  (1467,30)  (1165,170)  (1165,132)  (1468,144)  (1468,182)  (1164,208)  (1469,68)  (1469,106)  (1163,94)  (1163,56)  (1506,144)  (1506,182)  
Ohio  (2280,631)  (2242,668)  (2242,630)  (2317,669)  (2280,593)  (2318,593)  (2318,631)  (2240,592)  (2279,706)  (2241,706)  (2355,669)  (2321,707)  (2356,566)  (2356,604)  (2213,554)  (2251,554)  (2394,555)  (2394,593)  (2394,631)  
Oklahoma  (1462,969)  (1424,1006)  (1424,968)  (1499,1007)  (1462,931)  (1500,931)  (1500,969)  (1422,930)  (1461,1044)  (1386,1019)  (1386,981)  (1537,1007)  (1537,1045)  (1499,1045)  (1460,893)  (1498,893)  (1536,893)  (1538,931)  (1538,969)  (1384,943)  (1384,905)  (1422,892)  (1574,885)  (1575,1007)  (1575,1045)  (1576,923)  (1576,961)  (1612,885)  (1613,999)  (1613,1037)  (1614,923)  (1614,961)  
Oregon  (200,379)  (162,416)  (162,378)  (237,417)  (200,341)  (238,341)  (238,379)  (160,340)  (199,454)  (161,454)  (124,416)  (124,378)  (275,417)  (275,455)  (237,455)  (123,455)  (198,303)  (236,303)  (274,303)  (276,341)  (276,379)  (122,340)  (122,302)  (160,302)  (312,267)  (86,417)  (86,379)  (313,417)  (313,455)  (85,489)  (248,265)  (314,305)  (314,343)  (84,341)  (84,303)  (84,265)  (350,244)  (351,381)  (351,419)  (351,457)  (352,282)  (352,320)  (388,244)  (389,358)  (389,396)  (389,434)  (389,472)  (390,282)  (390,320)  (428,254)  
Pennsylvania  (2569,591)  (2531,628)  (2531,590)  (2606,629)  (2569,553)  (2607,553)  (2607,591)  (2529,552)  (2493,650)  (2493,612)  (2644,629)  (2645,529)  (2645,567)  (2491,574)  (2491,536)  (2455,652)  (2455,614)  (2682,605)  (2682,643)  (2683,528)  (2683,566)  (2453,576)  (2453,538)  
Rhode Island  (2916,531)  
South Carolina  (2408,1075)  (2370,1107)  (2370,1069)  (2445,1113)  (2446,1041)  (2363,1031)  (2407,1145)  (2483,1079)  (2325,1047)  
South Dakota  (1319,335)  (1281,372)  (1281,334)  (1356,373)  (1319,297)  (1357,297)  (1357,335)  (1279,296)  (1318,410)  (1280,410)  (1243,372)  (1243,334)  (1394,373)  (1394,411)  (1356,411)  (1242,411)  (1317,259)  (1355,259)  (1393,259)  (1395,297)  (1395,335)  (1241,296)  (1241,258)  (1279,258)  (1431,247)  (1205,373)  (1205,335)  (1432,373)  (1432,411)  (1204,418)  (1433,285)  (1433,323)  (1203,297)  (1203,259)  (1469,247)  (1167,380)  (1167,342)  (1470,361)  (1470,399)  (1166,418)  (1471,285)  (1471,323)  (1165,304)  (1165,266)  (1507,247)  (1508,361)  (1508,399)  (1509,285)  (1509,323)  
Tennessee  (2072,949)  (2034,986)  (2034,948)  (2109,987)  (2072,911)  (2110,911)  (2110,949)  (1996,989)  (1996,951)  (2147,987)  (2148,911)  (2148,949)  (1958,989)  (1958,951)  (2185,987)  (2186,912)  (2223,950)  (2224,912)  (2262,912)  (2300,913)  
Texas  (1375,1256)  (1337,1293)  (1337,1255)  (1412,1294)  (1375,1218)  (1413,1218)  (1413,1256)  (1335,1217)  (1374,1331)  (1336,1331)  (1299,1293)  (1299,1255)  (1450,1294)  (1450,1332)  (1412,1332)  (1298,1332)  (1373,1180)  (1411,1180)  (1449,1180)  (1451,1218)  (1451,1256)  (1297,1217)  (1297,1179)  (1335,1179)  (1487,1144)  (1374,1369)  (1336,1369)  (1261,1294)  (1261,1256)  (1488,1294)  (1488,1332)  (1488,1370)  (1450,1370)  (1412,1370)  (1260,1355)  (1373,1142)  (1411,1142)  (1449,1142)  (1489,1182)  (1489,1220)  (1259,1218)  (1259,1180)  (1259,1142)  (1297,1141)  (1335,1141)  (1525,1121)  (1374,1407)  (1223,1317)  (1223,1279)  (1526,1258)  (1526,1296)  (1526,1334)  (1526,1372)  (1488,1408)  (1450,1408)  (1412,1408)  (1222,1104)  (1373,1104)  (1411,1104)  (1449,1104)  (1527,1159)  (1527,1197)  (1221,1241)  (1221,1203)  (1221,1165)  (1260,1103)  (1298,1103)  (1528,1410)  (1218,1355)  (1187,1393)  (1563,1120)  (1374,1445)  (1185,1317)  (1185,1279)  (1564,1235)  (1564,1273)  (1564,1311)  (1490,1446)  (1452,1446)  (1414,1446)  (1216,1066)  (1336,1066)  (1565,1158)  (1565,1196)  (1183,1241)  (1254,1065)  (1292,1065)  (1180,1355)  (1601,1109)  (1147,1317)  (1147,1279)  (1602,1234)  (1602,1272)  (1602,1310)  (1495,1484)  (1457,1484)  (1419,1484)  (1216,1028)  (1330,1028)  (1603,1147)  (1603,1185)  (1145,1241)  (1254,1027)  (1292,1027)  (1142,1376)  (1109,1299)  (1640,1223)  (1640,1261)  (1640,1299)  (1478,1522)  (1440,1522)  (1330,990)  (1641,1123)  (1641,1161)  (1107,1261)  (1217,989)  (1255,989)  (1661,1337)  (1678,1251)  (1678,1289)  (1465,1560)  (1427,1560)  (1293,952)  (1331,952)  (1069,1261)  (1217,951)  (1255,951)  (1475,1598)  (1437,1598)  
Utah  (710,710)  (672,747)  (672,709)  (747,748)  (710,672)  (748,672)  (748,710)  (670,671)  (709,785)  (671,785)  (634,747)  (634,709)  (785,748)  (785,786)  (747,786)  (633,786)  (708,634)  (746,634)  (784,634)  (786,672)  (786,710)  (632,671)  (632,633)  (670,633)  (822,599)  (709,823)  (671,823)  (823,748)  (823,786)  (823,824)  (785,824)  (747,824)  (633,824)  (708,596)  (824,637)  (824,675)  (615,595)  (653,595)  (691,558)  (729,558)  (615,557)  (653,557)  
Vermont  (2851,357)  (2850,395)  (2837,319)  (2875,319)  
Virginia  (2525,831)  (2487,868)  (2487,830)  (2562,869)  (2525,793)  (2563,806)  (2486,792)  (2449,878)  (2600,844)  (2601,806)  (2411,877)  (2373,874)  (2335,874)  
Washington  (231,121)  (193,158)  (193,120)  (268,159)  (231,83)  (269,83)  (269,121)  (191,82)  (230,196)  (192,196)  (155,158)  (306,159)  (306,197)  (268,197)  (154,197)  (229,45)  (267,45)  (305,45)  (307,83)  (307,121)  (160,44)  (343,30)  (344,159)  (344,197)  (116,191)  (345,68)  (345,106)  (381,30)  (382,144)  (382,182)  (383,68)  (383,106)  
West Virginia  (2407,754)  (2369,791)  (2369,753)  (2423,792)  (2407,716)  (2445,716)  (2445,754)  (2483,726)  
Wisconsin  (1902,323)  (1864,360)  (1864,322)  (1939,361)  (1902,285)  (1940,285)  (1940,323)  (1862,284)  (1901,398)  (1826,331)  (1977,361)  (1977,399)  (1939,399)  (1900,247)  (1938,247)  (1976,247)  (1978,285)  (1978,323)  (1824,293)  (1824,255)  (1862,246)  (1804,217)  (1901,436)  (2015,361)  (2004,437)  (1966,437)  (1786,303)  (1786,265)  (1842,208)  
Wyoming  (929,431)  (891,468)  (891,430)  (966,469)  (929,393)  (967,393)  (967,431)  (889,392)  (928,506)  (890,506)  (853,468)  (853,430)  (1004,469)  (1004,507)  (966,507)  (852,507)  (927,355)  (965,355)  (1003,355)  (1005,393)  (1005,431)  (851,392)  (851,354)  (889,354)  (1041,319)  (928,544)  (890,544)  (815,469)  (815,431)  (1042,469)  (1042,507)  (1042,545)  (1004,545)  (966,545)  (852,545)  (814,545)  (814,507)  (927,317)  (965,317)  (1003,317)  (1043,357)  (1043,395)  (813,393)  (813,355)  (813,317)  (851,316)  (889,316)  (1079,315)  (1080,433)  (1080,471)  (1080,509)  (1080,547)  (1081,353)  (1081,391)  (1117,315)  (1118,429)  (1118,467)  (1118,505)  (1118,543)  (1119,353)  (1119,391)  
sz1  (2952,973)  (2914,1010)  (2914,972)  (2989,1011)  (2952,935)  (2990,935)  (2990,973)  (2912,934)  
sz2  (699,1543)  (733,1581)  (661,1505)  (755,1619)  (650,1467)  (760,1657)  (630,1429)  (769,1695)  (601,1391)  (807,1727)  (876,1728)  (769,1733)  (567,1353)  (605,1353)  (558,1315)  (596,1315)  
sz3  (38,897)  (0,934)  (0,896)  (75,935)  (38,859)  (76,859)  (76,897)  (0,858)  (37,972)  (113,935)  (113,973)  (75,973)  (38,821)  (76,821)  (114,857)  (114,895)  (0,820)  (37,1010)  (151,934)  (113,1011)  (75,1011)  (38,783)  (76,783)  (0,782)  (37,1048)  (101,1049)  (38,745)  (0,744)  
sz4  (2085,102)  (2047,99)  (2122,140)  (2084,140)  (2085,64)  (2123,64)  (2123,102)  (2043,61)  (2009,99)  (2160,140)  (2084,26)  (2161,76)  (2005,61)  (1971,112)  (2198,150)  (1967,74)  (2156,244)  (1933,140)  (2118,261)  (2080,271)  (2262,210)  (2273,248)  (1895,151)  (2095,309)  (2295,286)  (2306,324)  (2311,218)  (2081,347)  (2333,256)  (2344,294)  (2344,332)  (2350,370)  (2078,385)  (2371,225)  (2082,423)  (2421,259)  (2091,461)  (2053,461)  (2072,499)  
sz5  (2565,386)  (2603,383)  
sz6  (2392,497)  (2351,522)  (2430,475)  (2313,527)  
